* - means solution is not physically possible

1) 'Stairs':
(5, 0, 1, 6, 3, 2, 4)
[0, 0, 0, 0, 1, 1, 1]

2) 'Stairs':
(5, 0, 3, 6, 1, 2, 4)
[0, 0, 0, 0, 1, 1, 1]

*3*) 'Left Gun':
(0, 4, 3, 2, 1, 6, 5)
[0, 0, 0, 1, 0, 0, 0]

*4*) 'Right Gun':
(6, 3, 5, 4, 0, 1, 2)
[0, 0, 0, 1, 0, 1, 1]

5) 'Left Gun':
(6, 4, 1, 3, 0, 2, 5)
[0, 0, 0, 1, 0, 1, 1]

*6*) 'L':
(6, 4, 3, 2, 1, 0, 5)
[0, 0, 0, 1, 0, 1, 1]

7) 'L':
(5, 1, 2, 0, 6, 3, 4)
[0, 0, 1, 0, 0, 0, 1]

8) 'L':
(5, 1, 2, 0, 6, 4, 3)
[0, 0, 1, 0, 0, 0, 1]

*9*) Stairs:
(2, 5, 4, 6, 1, 0, 3)
[0, 0, 1, 0, 0, 1, 1]

10) '2x4':
(6, 3, 4, 0, 2, 5, 1)
[0, 0, 1, 0, 1, 1, 0]

11) '2x4':
(6, 3, 5, 1, 2, 4, 0)
[0, 0, 1, 0, 1, 1, 0]

12) '2x4':
(6, 4, 3, 0, 2, 5, 1)
[0, 0, 1, 0, 1, 1, 0]

13) '2x4':
(6, 5, 3, 1, 2, 4, 0)
[0, 0, 1, 0, 1, 1, 0]

14) 'Heart':
(6, 3, 5, 4, 0, 1, 2)
[0, 0, 1, 1, 0, 0, 1]

15) 'Heart':
(6, 5, 3, 4, 0, 1, 2)
[0, 0, 1, 1, 0, 0, 1]

16) 'Cube':
(5, 1, 2, 4, 6, 0, 3)
[0, 0, 1, 1, 0, 1, 1]

*17*) 'Left Gun':
(5, 4, 0, 6, 2, 1, 3)
[0, 1, 0, 0, 0, 1, 1]

*18*) 'Right Deformed-L':
(0, 2, 1, 4, 5, 6, 3)
[0, 1, 0, 0, 1, 0, 1]

*19*) 'Bench':
(6, 1, 2, 3, 4, 0, 5)
[0, 1, 0, 1, 1, 1, 0]

*20*) 'Left Weird':
(2, 3, 0, 1, 6, 5, 4)
[0, 1, 1, 0, 0, 0, 1]

*21*) 'Left Weird':
(2, 3, 1, 0, 6, 5, 4)
[0, 1, 1, 0, 0, 0, 1]

*22*) 'Left Weird':
(5, 4, 0, 1, 6, 2, 3)
[0, 1, 1, 0, 0, 0, 1]

*23*) 'Left Weird':
(5, 4, 1, 0, 6, 2, 3)
[0, 1, 1, 0, 0, 0, 1]

24) 'Right Gun':
(6, 2, 4, 5, 1, 0, 3)
[0, 1, 1, 0, 0, 1, 1]

25) 'Right Gun':
(6, 2, 5, 4, 1, 0, 3)
[0, 1, 1, 0, 0, 1, 1]

26) 'Right Gun':
(6, 2, 5, 0, 1, 4, 3)
[0, 1, 1, 0, 1, 1, 1]

27) 'Left Deformed-L':
(6, 3, 4, 2, 5, 0, 1)
[0, 1, 1, 1, 0, 0, 1]

28) 'Left Deformed-L':
(6, 3, 5, 4, 0, 1, 2)
[0, 1, 1, 1, 0, 1, 1]

*29*) 'Right Gun':
(2, 0, 1, 5, 4, 6, 3)
[1, 0, 0, 0, 1, 0, 1]

*30*) 'Right Weird':
(2, 3, 1, 0, 6, 5, 4)
[1, 0, 0, 1, 0, 0, 1]

*31*) 'Right Weird':
(3, 2, 1, 0, 6, 5, 4)
[1, 0, 0, 1, 0, 0, 1]

32) 'Right Deformed-L':
(3, 1, 6, 2, 0, 4, 5)
[1, 1, 0, 0, 1, 0, 0]

33), 'Stairs':
(3, 1, 0, 6, 2, 4, 5)
[1, 1, 1, 0, 0, 0, 0]
